[gd_scene load_steps=4 format=3 uid="uid://35g7vhvfbcs7"]

[ext_resource type="PackedScene" uid="uid://bmms0yrq5x62e" path="res://models/shipment_tri_red.glb" id="1_1excs"]

[sub_resource type="BoxShape3D" id="BoxShape3D_0c48n"]
size = Vector3(5.45, 0.12, 2)

[sub_resource type="BoxShape3D" id="BoxShape3D_floc7"]
size = Vector3(0.12, 1.95, 1)

[node name="ShipmentOpenBlue" type="StaticBody3D"]

[node name="CollisionShape3D" type="CollisionShape3D" parent="."]
transform = Transform3D(1, 0, 0, 0, 1, 0, 0, 0, 1, 0, 0.947041, 0)
shape = SubResource("BoxShape3D_0c48n")

[node name="CollisionShape3D2" type="CollisionShape3D" parent="."]
transform = Transform3D(1, 0, 0, 0, 1, 0, 0, 0, 1, 0, -0.918596, 0)
shape = SubResource("BoxShape3D_0c48n")

[node name="CollisionShape3D3" type="CollisionShape3D" parent="."]
transform = Transform3D(1, 0, 0, 0, -4.37114e-08, -1, 0, 1, -4.37114e-08, 0, 0, -0.940067)
shape = SubResource("BoxShape3D_0c48n")

[node name="CollisionShape3D4" type="CollisionShape3D" parent="."]
transform = Transform3D(1, 0, 0, 0, -4.37114e-08, -1, 0, 1, -4.37114e-08, 0, 0, 0.930805)
shape = SubResource("BoxShape3D_0c48n")

[node name="CollisionShape3D5" type="CollisionShape3D" parent="."]
transform = Transform3D(-0.258819, 0, 0.965926, 0, 1, 0, -0.965926, 0, -0.258819, -3.22507, 0.015397, 1.08253)
shape = SubResource("BoxShape3D_floc7")

[node name="CollisionShape3D6" type="CollisionShape3D" parent="."]
transform = Transform3D(1, 0, 0, 0, 1, 0, 0, 0, 1, -2.7, 0.0470406, -0.483003)
shape = SubResource("BoxShape3D_floc7")

[node name="CollisionShape3D7" type="CollisionShape3D" parent="."]
transform = Transform3D(-0.34202, 0, -0.939693, 0, 1, 0, 0.939693, 0, -0.34202, 3.19857, 0.0175924, 1.11447)
shape = SubResource("BoxShape3D_floc7")

[node name="CollisionShape3D8" type="CollisionShape3D" parent="."]
transform = Transform3D(0.258819, 0, -0.965926, 0, 1, 0, 0.965926, 0, 0.258819, 3.21015, 0.000345461, -1.06665)
shape = SubResource("BoxShape3D_floc7")

[node name="shipment_tri_red2" parent="." instance=ExtResource("1_1excs")]
